0.00137491	1024	0	0	1
0.00212486	1024	1	3e-05	4
0.00212486	1024	2	6e-05	7
0.00224986	1024	3	9e-05	10
0.00224986	1024	4	0.00012	13
0.00237485	1024	5	0.00015	16
0.00237485	1024	6	0.00018	19
0.00237485	1024	7	0.00021	22
0.00249984	1024	8	0.00024	25
0.00249984	1024	9	0.00027	28
0.0031248	1024	10	0.0003	31
0.0031248	1024	11	0.00033	34
0.00324979	1024	12	0.00036	37
0.00324979	1024	13	0.00039	40
0.00324979	1024	14	0.00042	43
0.00337478	1024	15	0.00045	46
0.00337478	1024	16	0.00048	49
0.00349978	1024	17	0.00051	52
0.00349978	1024	18	0.00054	55
0.00412474	1024	19	0.00057	58
0.00412474	1024	20	0.0006	61
0.00412474	1024	21	0.00063	64
0.00424973	1024	22	0.00066	67
0.00424973	1024	23	0.00069	70
0.00437472	1024	24	0.00072	73
0.00437472	1024	25	0.00075	76
0.00449971	1024	26	0.00078	79
0.00449971	1024	27	0.00081	82
0.00449971	1024	28	0.00084	85
0.00512467	1024	29	0.00087	88
0.00512467	1024	30	0.0009	91
0.00524966	1024	31	0.00093	94
0.00524966	1024	32	0.00096	97
0.00537466	1024	33	0.00099	100
0.00537466	1024	34	0.00102	103
0.00537466	1024	35	0.00105	106
0.00549965	1024	36	0.00108	109
0.00549965	1024	37	0.00111	112
0.00612461	1024	38	0.00114	115
0.00612461	1024	39	0.00117	118
0.0062496	1024	40	0.0012	121
0.0062496	1024	41	0.00123	124
0.0062496	1024	42	0.00126	127
0.00637459	1024	43	0.00129	130
0.00637459	1024	44	0.00132	133
0.00649958	1024	45	0.00135	136
0.00649958	1024	46	0.00138	139
0.00712454	1024	47	0.00141	142
0.00712454	1024	48	0.00144	145
0.00712454	1024	49	0.00147	148
0.00724954	1024	50	0.0015	151
0.00724954	1024	51	0.00153	154
0.00737453	1024	52	0.00156	157
0.00737453	1024	53	0.00159	160
0.00749952	1024	54	0.00162	163
0.00749952	1024	55	0.00165	166
0.00749952	1024	56	0.00168	169
0.00812448	1024	57	0.00171	172
0.00812448	1024	58	0.00174	175
0.00824947	1024	59	0.00177	178
0.00824947	1024	60	0.0018	181
0.00837446	1024	61	0.00183	184
0.00837446	1024	62	0.00186	187
0.00837446	1024	63	0.00189	190
0.00849946	1024	64	0.00192	193
0.00849946	1024	65	0.00195	196
0.00912442	1024	66	0.00198	199
0.00912442	1024	67	0.00201	202
0.00924941	1024	68	0.00204	205
0.00924941	1024	69	0.00207	208
0.00924941	1024	70	0.0021	211
0.0093744	1024	71	0.00213	214
0.0093744	1024	72	0.00216	217
0.00949939	1024	73	0.00219	220
0.00949939	1024	74	0.00222	223
0.00949939	1024	75	0.00225	226
0.0101244	1024	76	0.00228	229
0.0101244	1024	77	0.00231	232
0.0102493	1024	78	0.00234	235
0.0102493	1024	79	0.00237	238
0.0103743	1024	80	0.0024	241
0.0103743	1024	81	0.00243	244
0.0103743	1024	82	0.00246	247
0.0104993	1024	83	0.00249	250
0.0104993	1024	84	0.00252	253
0.0111243	1024	85	0.00255	256
0.0111243	1024	86	0.00258	259
0.0112493	1024	87	0.00261	262
0.0112493	1024	88	0.00264	265
0.0112493	1024	89	0.00267	268
0.0113743	1024	90	0.0027	271
0.0113743	1024	91	0.00273	274
0.0114993	1024	92	0.00276	277
0.0114993	1024	93	0.00279	280
0.0121242	1024	94	0.00282	283
0.0121242	1024	95	0.00285	286
0.0121242	1024	96	0.00288	289
0.0122492	1024	97	0.00291	292
0.0122492	1024	98	0.00294	295
0.0123742	1024	99	0.00297	298
0.0123742	1024	100	0.003	301
0.0124992	1024	101	0.00303	304
0.0124992	1024	102	0.00306	307
0.0124992	1024	103	0.00309	310
0.0131242	1024	104	0.00312	313
0.0131242	1024	105	0.00315	316
0.0132492	1024	106	0.00318	319
0.0132492	1024	107	0.00321	322
0.0133741	1024	108	0.00324	325
0.0133741	1024	109	0.00327	328
0.0133741	1024	110	0.0033	331
0.0134991	1024	111	0.00333	334
0.0134991	1024	112	0.00336	337
0.0141241	1024	113	0.00339	340
0.0141241	1024	114	0.00342	343
0.0142491	1024	115	0.00345	346
0.0142491	1024	116	0.00348	349
0.0142491	1024	117	0.00351	352
0.0143741	1024	118	0.00354	355
0.0143741	1024	119	0.00357	358
0.0144991	1024	120	0.0036	361
0.0144991	1024	121	0.00363	364
0.015124	1024	122	0.00366	367
0.015124	1024	123	0.00369	370
0.015124	1024	124	0.00372	373
0.015249	1024	125	0.00375	376
0.015249	1024	126	0.00378	379
0.015374	1024	127	0.00381	382
0.015374	1024	128	0.00384	385
0.015499	1024	129	0.00387	388
0.015499	1024	130	0.0039	391
0.015499	1024	131	0.00393	394
0.016124	1024	132	0.00396	397
0.016124	1024	133	0.00399	400
0.016249	1024	134	0.00402	403
0.016249	1024	135	0.00405	406
0.016374	1024	136	0.00408	409
0.016374	1024	137	0.00411	412
0.016374	1024	138	0.00414	415
0.0164989	1024	139	0.00417	418
0.0164989	1024	140	0.0042	421
0.0171239	1024	141	0.00423	424
0.0171239	1024	142	0.00426	427
0.0172489	1024	143	0.00429	430
0.0172489	1024	144	0.00432	433
0.0172489	1024	145	0.00435	436
0.0173739	1024	146	0.00438	439
0.0173739	1024	147	0.00441	442
0.0174989	1024	148	0.00444	445
0.0174989	1024	149	0.00447	448
0.0181238	1024	150	0.0045	451
0.0181238	1024	151	0.00453	454
0.0181238	1024	152	0.00456	457
0.0182488	1024	153	0.00459	460
0.0182488	1024	154	0.00462	463
0.0183738	1024	155	0.00465	466
0.0183738	1024	156	0.00468	469
0.0184988	1024	157	0.00471	472
0.0184988	1024	158	0.00474	475
0.0184988	1024	159	0.00477	478
0.0191238	1024	160	0.0048	481
0.0191238	1024	161	0.00483	484
0.0192488	1024	162	0.00486	487
0.0192488	1024	163	0.00489	490
0.0193738	1024	164	0.00492	493
0.0193738	1024	165	0.00495	496
0.0193738	1024	166	0.00498	499
0.0194988	1024	167	0.00501	502
0.0194988	1024	168	0.00504	505
0.0201237	1024	169	0.00507	508
0.0201237	1024	170	0.0051	511
0.0202487	1024	171	0.00513	514
0.0202487	1024	172	0.00516	517
0.0202487	1024	173	0.00519	520
0.0203737	1024	174	0.00522	523
0.0203737	1024	175	0.00525	526
0.0204987	1024	176	0.00528	529
0.0204987	1024	177	0.00531	532
0.0211236	1024	178	0.00534	535
0.0211236	1024	179	0.00537	538
0.0211236	1024	180	0.0054	541
0.0212486	1024	181	0.00543	544
0.0212486	1024	182	0.00546	547
0.0213736	1024	183	0.00549	550
0.0213736	1024	184	0.00552	553
0.0214986	1024	185	0.00555	556
0.0214986	1024	186	0.00558	559
0.0214986	1024	187	0.00561	562
0.0221236	1024	188	0.00564	565
0.0221236	1024	189	0.00567	568
0.0222486	1024	190	0.0057	571
0.0222486	1024	191	0.00573	574
0.0223736	1024	192	0.00576	577
0.0223736	1024	193	0.00579	580
0.0223736	1024	194	0.00582	583
0.0224986	1024	195	0.00585	586
0.0224986	1024	196	0.00588	589
0.0231235	1024	197	0.00591	592
0.0231235	1024	198	0.00594	595
0.0231235	1024	199	0.00597	598
0.0232485	1024	200	0.006	600
0.0232485	1024	201	0.00603	603
0.0233735	1024	202	0.00606	606
0.0233735	1024	205	0.00615	607
0.0233735	1024	206	0.00618	610
0.0234985	1024	207	0.00621	613
0.0234985	1024	209	0.00627	614
0.0234985	1024	210	0.0063	617
0.0241235	1024	211	0.00633	620
0.0241235	1024	213	0.00639	621
0.0241235	1024	214	0.00642	624
0.0242484	1024	215	0.00645	627
0.0242484	1024	234	0.00702	628
0.0242484	1024	235	0.00705	631
0.0243734	1024	236	0.00708	634
0.0243734	1024	238	0.00714	635
0.0243734	1024	239	0.00717	638
0.0244984	1024	240	0.0072	641
0.0244984	1024	242	0.00726	642
0.0244984	1024	243	0.00729	645
0.0251234	1024	244	0.00732	648
0.0251234	1024	246	0.00738	649
0.0251234	1024	247	0.00741	652
0.0252484	1024	248	0.00744	655
0.0252484	1024	267	0.00801	656
0.0252484	1024	268	0.00804	659
0.0253734	1024	269	0.00807	662
0.0253734	1024	271	0.00813	663
0.0253734	1024	272	0.00816	666
0.0254984	1024	273	0.00819	669
0.0254984	1024	275	0.00825	670
0.0254984	1024	276	0.00828	673
0.0261233	1024	277	0.00831	676
0.0261233	1024	280	0.0084	677
0.0261233	1024	281	0.00843	680
0.0262483	1024	282	0.00846	683
0.0262483	1024	300	0.009	684
0.0262483	1024	301	0.00903	687
0.0263733	1024	302	0.00906	690
0.0263733	1024	305	0.00915	691
0.0263733	1024	306	0.00918	694
0.0264983	1024	307	0.00921	697
0.0264983	1024	309	0.00927	698
0.0264983	1024	310	0.0093	701
0.0271233	1024	311	0.00933	704
0.0271233	1024	313	0.00939	705
0.0271233	1024	314	0.00942	708
0.0272483	1024	315	0.00945	711
0.0272483	1024	334	0.01002	712
0.0272483	1024	335	0.01005	715
0.0273732	1024	336	0.01008	718
0.0273732	1024	338	0.01014	719
0.0273732	1024	339	0.01017	722
0.0274982	1024	340	0.0102	725
0.0274982	1024	342	0.01026	726
0.0274982	1024	343	0.01029	729
0.0281232	1024	344	0.01032	732
0.0281232	1024	346	0.01038	733
0.0281232	1024	347	0.01041	736
0.0282482	1024	348	0.01044	739
0.0282482	1024	367	0.01101	740
0.0282482	1024	368	0.01104	743
0.0283732	1024	369	0.01107	746
0.0283732	1024	371	0.01113	747
0.0283732	1024	372	0.01116	750
0.0284982	1024	373	0.01119	753
0.0284982	1024	375	0.01125	754
0.0284982	1024	376	0.01128	757
0.0291231	1024	377	0.01131	760
0.0291231	1024	380	0.0114	761
0.0291231	1024	381	0.01143	764
0.0292481	1024	382	0.01146	767
0.0292481	1024	400	0.012	768
0.0292481	1024	401	0.01203	771
0.0293731	1024	402	0.01206	774
0.0293731	1024	405	0.01215	775
0.0293731	1024	406	0.01218	778
0.0294981	1024	407	0.01221	781
0.0294981	1024	409	0.01227	782
0.0294981	1024	410	0.0123	785
0.0301231	1024	411	0.01233	788
0.0301231	1024	413	0.01239	789
0.0301231	1024	414	0.01242	792
0.0302481	1024	415	0.01245	795
0.0302481	1024	434	0.01302	796
0.0302481	1024	435	0.01305	799
0.0303731	1024	436	0.01308	802
0.0303731	1024	438	0.01314	804
0.0303731	1024	439	0.01317	807
0.030498	1024	440	0.0132	810
0.030498	1024	442	0.01326	811
0.030498	1024	443	0.01329	814
0.031123	1024	444	0.01332	817
0.031123	1024	446	0.01338	818
0.031123	1024	447	0.01341	821
0.031248	1024	448	0.01344	824
0.031248	1024	467	0.01401	825
0.031248	1024	468	0.01404	828
0.031373	1024	469	0.01407	831
0.031373	1024	471	0.01413	832
0.031373	1024	472	0.01416	835
0.031498	1024	473	0.01419	838
0.031498	1024	475	0.01425	839
0.031498	1024	476	0.01428	842
0.0321229	1024	477	0.01431	845
0.0321229	1024	480	0.0144	846
0.0321229	1024	481	0.01443	849
0.0322479	1024	482	0.01446	852
0.0322479	1024	500	0.015	853
0.0322479	1024	501	0.01503	856
0.0323729	1024	502	0.01506	859
0.0323729	1024	505	0.01515	860
0.0323729	1024	506	0.01518	863
0.0324979	1024	507	0.01521	866
0.0324979	1024	509	0.01527	867
0.0324979	1024	510	0.0153	870
0.0331229	1024	511	0.01533	873
0.0331229	1024	513	0.01539	874
0.0331229	1024	514	0.01542	877
0.0332479	1024	515	0.01545	880
0.0332479	1024	534	0.01602	881
0.0332479	1024	535	0.01605	884
0.0333729	1024	536	0.01608	887
0.0333729	1024	538	0.01614	888
0.0333729	1024	539	0.01617	891
0.0334979	1024	540	0.0162	894
0.0334979	1024	542	0.01626	895
0.0334979	1024	543	0.01629	898
0.0341228	1024	544	0.01632	901
0.0341228	1024	546	0.01638	902
0.0341228	1024	547	0.01641	905
0.0342478	1024	548	0.01644	908
0.0342478	1024	567	0.01701	909
0.0342478	1024	568	0.01704	912
0.0343728	1024	569	0.01707	915
0.0343728	1024	571	0.01713	916
0.0343728	1024	572	0.01716	919
0.0344978	1024	573	0.01719	922
0.0344978	1024	575	0.01725	923
0.0344978	1024	576	0.01728	926
0.0351228	1024	577	0.01731	929
0.0351228	1024	580	0.0174	930
0.0351228	1024	581	0.01743	933
0.0352477	1024	582	0.01746	936
0.0352477	1024	600	0.018	937
0.0352477	1024	601	0.01803	940
0.0353727	1024	602	0.01806	943
0.0353727	1024	605	0.01815	944
0.0353727	1024	606	0.01818	947
0.0354977	1024	607	0.01821	950
0.0354977	1024	609	0.01827	951
0.0354977	1024	610	0.0183	954
0.0361227	1024	611	0.01833	957
0.0361227	1024	613	0.01839	958
0.0361227	1024	614	0.01842	961
0.0362477	1024	615	0.01845	964
0.0362477	1024	634	0.01902	965
0.0362477	1024	635	0.01905	968
0.0363727	1024	636	0.01908	971
0.0363727	1024	638	0.01914	972
0.0363727	1024	639	0.01917	975
0.0364977	1024	640	0.0192	978
0.0364977	1024	642	0.01926	979
0.0364977	1024	643	0.01929	982
0.0371226	1024	644	0.01932	985
0.0371226	1024	646	0.01938	986
0.0371226	1024	647	0.01941	989
0.0372476	1024	648	0.01944	992
0.0372476	1024	667	0.02001	993
0.0372476	1024	668	0.02004	996
0.0373726	1024	669	0.02007	999
0.0373726	1024	671	0.02013	1000
0.0373726	1024	672	0.02016	1003
0.0374976	1024	673	0.02019	1006
0.0374976	1024	675	0.02025	1007
0.0374976	1024	676	0.02028	1010
0.0381226	1024	677	0.02031	1013
0.0381226	1024	680	0.0204	1014
0.0381226	1024	681	0.02043	1017
0.0382476	1024	682	0.02046	1020
0.0382476	1024	700	0.021	1021
0.0382476	1024	701	0.02103	1024
0.0383725	1024	702	0.02106	1027
0.0383725	1024	705	0.02115	1028
0.0383725	1024	706	0.02118	1031
0.0384975	1024	707	0.02121	1034
0.0384975	1024	709	0.02127	1035
0.0384975	1024	710	0.0213	1038
0.0391225	1024	711	0.02133	1041
0.0391225	1024	713	0.02139	1042
0.0391225	1024	714	0.02142	1045
0.0392475	1024	715	0.02145	1048
0.0392475	1024	734	0.02202	1049
0.0392475	1024	735	0.02205	1052
0.0393725	1024	736	0.02208	1055
0.0393725	1024	738	0.02214	1056
0.0393725	1024	739	0.02217	1059
0.0394975	1024	740	0.0222	1062
0.0394975	1024	742	0.02226	1063
0.0394975	1024	743	0.02229	1066
0.0401224	1024	744	0.02232	1069
0.0401224	1024	746	0.02238	1070
0.0401224	1024	747	0.02241	1073
0.0402474	1024	748	0.02244	1076
0.0402474	1024	767	0.02301	1077
0.0402474	1024	768	0.02304	1080
0.0403724	1024	769	0.02307	1083
0.0403724	1024	771	0.02313	1084
0.0403724	1024	772	0.02316	1087
0.0404974	1024	773	0.02319	1090
0.0404974	1024	775	0.02325	1091
0.0404974	1024	776	0.02328	1094
0.0411224	1024	777	0.02331	1097
0.0411224	1024	780	0.0234	1098
0.0411224	1024	781	0.02343	1101
0.0412474	1024	782	0.02346	1104
0.0412474	1024	800	0.024	1105
0.0412474	1024	801	0.02403	1108
0.0413724	1024	802	0.02406	1111
0.0413724	1024	805	0.02415	1112
0.0413724	1024	806	0.02418	1115
0.0414973	1024	807	0.02421	1118
0.0414973	1024	809	0.02427	1119
0.0414973	1024	810	0.0243	1122
0.0421223	1024	811	0.02433	1125
0.0421223	1024	813	0.02439	1126
0.0421223	1024	814	0.02442	1129
0.0422473	1024	815	0.02445	1132
0.0422473	1024	834	0.02502	1133
0.0422473	1024	835	0.02505	1136
0.0423723	1024	836	0.02508	1139
0.0423723	1024	838	0.02514	1140
0.0423723	1024	839	0.02517	1143
0.0424973	1024	840	0.0252	1146
0.0424973	1024	842	0.02526	1147
0.0424973	1024	843	0.02529	1150
0.0431222	1024	844	0.02532	1153
0.0431222	1024	846	0.02538	1154
0.0431222	1024	847	0.02541	1157
0.0432472	1024	848	0.02544	1160
0.0432472	1024	867	0.02601	1161
0.0432472	1024	868	0.02604	1164
0.0433722	1024	869	0.02607	1167
0.0433722	1024	871	0.02613	1169
0.0433722	1024	872	0.02616	1172
0.0434972	1024	873	0.02619	1175
0.0434972	1024	875	0.02625	1176
0.0434972	1024	876	0.02628	1179
0.0441222	1024	877	0.02631	1182
0.0441222	1024	880	0.0264	1183
0.0441222	1024	881	0.02643	1186
0.0442472	1024	882	0.02646	1189
0.0442472	1024	900	0.027	1190
0.0442472	1024	901	0.02703	1193
0.0443722	1024	902	0.02706	1196
0.0443722	1024	905	0.02715	1197
0.0443722	1024	906	0.02718	1200
0.0444972	1024	907	0.02721	1203
0.0444972	1024	909	0.02727	1204
0.0444972	1024	910	0.0273	1207
0.0451221	1024	911	0.02733	1210
0.0451221	1024	913	0.02739	1211
0.0451221	1024	914	0.02742	1214
0.0452471	1024	915	0.02745	1217
0.0452471	1024	934	0.02802	1218
0.0452471	1024	935	0.02805	1221
0.0453721	1024	936	0.02808	1224
0.0453721	1024	938	0.02814	1225
0.0453721	1024	939	0.02817	1228
0.0454971	1024	940	0.0282	1231
0.0454971	1024	942	0.02826	1232
0.0454971	1024	943	0.02829	1235
0.046122	1024	944	0.02832	1238
0.046122	1024	946	0.02838	1239
0.046122	1024	947	0.02841	1242
0.046247	1024	948	0.02844	1245
0.046247	1024	967	0.02901	1246
0.046247	1024	968	0.02904	1249
0.046372	1024	969	0.02907	1252
0.046372	1024	971	0.02913	1253
0.046372	1024	972	0.02916	1256
0.046497	1024	973	0.02919	1259
0.046497	1024	975	0.02925	1260
0.046497	1024	976	0.02928	1263
0.047122	1024	977	0.02931	1266
0.047122	1024	980	0.0294	1267
0.047122	1024	981	0.02943	1270
0.047247	1024	982	0.02946	1273
0.047247	1024	1000	0.03	1274
0.047247	1024	1001	0.03003	1277
0.047372	1024	1002	0.03006	1280
0.047372	1024	1005	0.03015	1281
0.047372	1024	1006	0.03018	1284
0.047497	1024	1007	0.03021	1287
0.047497	1024	1009	0.03027	1288
0.047497	1024	1010	0.0303	1291
0.0481219	1024	1011	0.03033	1294
0.0481219	1024	1013	0.03039	1295
0.0481219	1024	1014	0.03042	1298
0.0482469	1024	1015	0.03045	1301
0.0482469	1024	1034	0.03102	1302
0.0482469	1024	1035	0.03105	1305
0.0483719	1024	1036	0.03108	1308
0.0483719	1024	1038	0.03114	1309
0.0483719	1024	1039	0.03117	1312
0.0484969	1024	1040	0.0312	1315
0.0484969	1024	1042	0.03126	1316
0.0484969	1024	1043	0.03129	1319
0.0491219	1024	1044	0.03132	1322
0.0491219	1024	1046	0.03138	1323
0.0491219	1024	1047	0.03141	1326
0.0492468	1024	1048	0.03144	1329
0.0492468	1024	1067	0.03201	1330
0.0492468	1024	1068	0.03204	1333
0.0493718	1024	1069	0.03207	1336
0.0493718	1024	1071	0.03213	1337
0.0493718	1024	1072	0.03216	1340
0.0494968	1024	1073	0.03219	1343
0.0494968	1024	1075	0.03225	1344
0.0494968	1024	1076	0.03228	1347
0.0501218	1024	1077	0.03231	1350
0.0501218	1024	1080	0.0324	1351
0.0501218	1024	1081	0.03243	1354
0.0502468	1024	1082	0.03246	1357
0.0502468	1024	1100	0.033	1358
0.0502468	1024	1101	0.03303	1361
0.0503718	1024	1102	0.03306	1364
0.0503718	1024	1105	0.03315	1365
0.0503718	1024	1106	0.03318	1368
0.0504968	1024	1107	0.03321	1371
0.0504968	1024	1109	0.03327	1372
0.0504968	1024	1110	0.0333	1375
0.0511217	1024	1111	0.03333	1378
0.0511217	1024	1113	0.03339	1379
0.0511217	1024	1114	0.03342	1382
0.0512467	1024	1115	0.03345	1385
0.0512467	1024	1134	0.03402	1386
0.0512467	1024	1135	0.03405	1389
0.0513717	1024	1136	0.03408	1392
0.0513717	1024	1138	0.03414	1393
0.0513717	1024	1139	0.03417	1396
0.0514967	1024	1140	0.0342	1399
0.0514967	1024	1142	0.03426	1400
0.0514967	1024	1143	0.03429	1403
0.0521217	1024	1144	0.03432	1406
0.0521217	1024	1146	0.03438	1407
0.0521217	1024	1147	0.03441	1410
0.0522467	1024	1148	0.03444	1413
0.0522467	1024	1167	0.03501	1414
0.0522467	1024	1168	0.03504	1417
0.0523716	1024	1169	0.03507	1420
0.0523716	1024	1171	0.03513	1421
0.0523716	1024	1172	0.03516	1424
0.0524966	1024	1173	0.03519	1427
0.0524966	1024	1175	0.03525	1428
0.0524966	1024	1176	0.03528	1431
0.0531216	1024	1177	0.03531	1434
0.0531216	1024	1180	0.0354	1435
0.0531216	1024	1181	0.03543	1438
0.0532466	1024	1182	0.03546	1441
0.0532466	1024	1200	0.036	1442
0.0532466	1024	1201	0.03603	1445
0.0533716	1024	1202	0.03606	1448
0.0533716	1024	1205	0.03615	1449
0.0533716	1024	1206	0.03618	1452
0.0534966	1024	1207	0.03621	1455
0.0534966	1024	1209	0.03627	1456
0.0534966	1024	1210	0.0363	1459
0.0541215	1024	1211	0.03633	1462
0.0541215	1024	1213	0.03639	1463
0.0541215	1024	1214	0.03642	1466
0.0542465	1024	1215	0.03645	1469
0.0542465	1024	1234	0.03702	1470
0.0542465	1024	1235	0.03705	1473
0.0543715	1024	1236	0.03708	1476
0.0543715	1024	1238	0.03714	1477
0.0543715	1024	1239	0.03717	1480
0.0544965	1024	1240	0.0372	1483
0.0544965	1024	1242	0.03726	1484
0.0544965	1024	1243	0.03729	1487
0.0551215	1024	1244	0.03732	1490
0.0551215	1024	1246	0.03738	1491
0.0551215	1024	1247	0.03741	1494
0.0552465	1024	1248	0.03744	1497
0.0552465	1024	1267	0.03801	1498
0.0552465	1024	1268	0.03804	1501
0.0553715	1024	1269	0.03807	1504
0.0553715	1024	1271	0.03813	1505
0.0553715	1024	1272	0.03816	1508
0.0554964	1024	1273	0.03819	1511
0.0554964	1024	1275	0.03825	1512
0.0554964	1024	1276	0.03828	1515
0.0561214	1024	1277	0.03831	1518
0.0561214	1024	1280	0.0384	1519
0.0561214	1024	1281	0.03843	1522
0.0562464	1024	1282	0.03846	1525
0.0562464	1024	1300	0.039	1526
0.0562464	1024	1301	0.03903	1529
0.0563714	1024	1302	0.03906	1532
0.0563714	1024	1305	0.03915	1533
0.0563714	1024	1306	0.03918	1536
0.0564964	1024	1307	0.03921	1539
0.0564964	1024	1309	0.03927	1541
0.0564964	1024	1310	0.0393	1544
0.0571213	1024	1311	0.03933	1547
0.0571213	1024	1313	0.03939	1548
0.0571213	1024	1314	0.03942	1551
0.0572463	1024	1315	0.03945	1554
0.0572463	1024	1334	0.04002	1555
0.0572463	1024	1335	0.04005	1558
0.0573713	1024	1336	0.04008	1561
0.0573713	1024	1338	0.04014	1562
0.0573713	1024	1339	0.04017	1565
0.0574963	1024	1340	0.0402	1568
0.0574963	1024	1342	0.04026	1569
0.0574963	1024	1343	0.04029	1572
0.0581213	1024	1344	0.04032	1575
0.0581213	1024	1346	0.04038	1576
0.0581213	1024	1347	0.04041	1579
0.0582463	1024	1348	0.04044	1582
0.0582463	1024	1367	0.04101	1583
0.0582463	1024	1368	0.04104	1586
0.0583713	1024	1369	0.04107	1589
0.0583713	1024	1371	0.04113	1590
0.0583713	1024	1372	0.04116	1593
0.0584963	1024	1373	0.04119	1596
0.0584963	1024	1375	0.04125	1597
0.0584963	1024	1376	0.04128	1600
0.0591212	1024	1377	0.04131	1603
0.0591212	1024	1380	0.0414	1604
0.0591212	1024	1381	0.04143	1607
0.0592462	1024	1382	0.04146	1610
0.0592462	1024	1400	0.042	1611
0.0592462	1024	1401	0.04203	1614
0.0593712	1024	1402	0.04206	1617
0.0593712	1024	1405	0.04215	1618
0.0593712	1024	1406	0.04218	1621
0.0594962	1024	1407	0.04221	1624
0.0594962	1024	1409	0.04227	1625
0.0594962	1024	1410	0.0423	1628
0.0601212	1024	1411	0.04233	1631
0.0601212	1024	1413	0.04239	1632
0.0601212	1024	1414	0.04242	1635
0.0602461	1024	1415	0.04245	1638
0.0602461	1024	1434	0.04302	1639
0.0602461	1024	1435	0.04305	1642
0.0603711	1024	1436	0.04308	1645
0.0603711	1024	1438	0.04314	1646
0.0603711	1024	1439	0.04317	1649
0.0604961	1024	1440	0.0432	1652
0.0604961	1024	1442	0.04326	1653
0.0604961	1024	1443	0.04329	1656
0.0611211	1024	1444	0.04332	1659
0.0611211	1024	1446	0.04338	1660
0.0611211	1024	1447	0.04341	1663
0.0612461	1024	1448	0.04344	1666
0.0612461	1024	1467	0.04401	1667
0.0612461	1024	1468	0.04404	1670
0.0613711	1024	1469	0.04407	1673
0.0613711	1024	1471	0.04413	1674
0.0613711	1024	1472	0.04416	1677
0.0614961	1024	1473	0.04419	1680
0.0614961	1024	1475	0.04425	1681
0.0614961	1024	1476	0.04428	1684
0.062121	1024	1477	0.04431	1687
0.062121	1024	1480	0.0444	1688
0.062121	1024	1481	0.04443	1691
0.062246	1024	1482	0.04446	1694
0.062246	1024	1500	0.045	1695
0.062246	1024	1501	0.04503	1698
0.062371	1024	1502	0.04506	1701
0.062371	1024	1505	0.04515	1702
0.062371	1024	1506	0.04518	1705
0.062496	1024	1507	0.04521	1708
0.062496	1024	1509	0.04527	1709
0.062496	1024	1510	0.0453	1712
0.063121	1024	1511	0.04533	1715
0.063121	1024	1513	0.04539	1716
0.063121	1024	1514	0.04542	1719
0.063246	1024	1515	0.04545	1722
0.063246	1024	1534	0.04602	1723
0.063246	1024	1535	0.04605	1726
0.0633709	1024	1536	0.04608	1729
0.0633709	1024	1538	0.04614	1730
0.0633709	1024	1539	0.04617	1733
0.0634959	1024	1540	0.0462	1736
0.0634959	1024	1542	0.04626	1737
0.0634959	1024	1543	0.04629	1740
0.0641209	1024	1544	0.04632	1743
0.0641209	1024	1546	0.04638	1744
0.0641209	1024	1547	0.04641	1747
0.0642459	1024	1548	0.04644	1750
0.0642459	1024	1567	0.04701	1751
0.0642459	1024	1568	0.04704	1754
0.0643709	1024	1569	0.04707	1757
0.0643709	1024	1571	0.04713	1758
0.0643709	1024	1572	0.04716	1761
0.0644959	1024	1573	0.04719	1764
0.0644959	1024	1575	0.04725	1765
0.0644959	1024	1576	0.04728	1768
0.0651208	1024	1577	0.04731	1771
0.0651208	1024	1580	0.0474	1772
0.0651208	1024	1581	0.04743	1775
0.0652458	1024	1582	0.04746	1778
0.0652458	1024	1600	0.048	1779
0.0652458	1024	1601	0.04803	1782
0.0653708	1024	1602	0.04806	1785
0.0653708	1024	1605	0.04815	1786
0.0653708	1024	1606	0.04818	1789
0.0654958	1024	1607	0.04821	1792
0.0654958	1024	1609	0.04827	1793
0.0654958	1024	1610	0.0483	1796
0.0661208	1024	1611	0.04833	1799
0.0661208	1024	1613	0.04839	1800
0.0661208	1024	1614	0.04842	1803
0.0662458	1024	1615	0.04845	1806
0.0662458	1024	1634	0.04902	1807
0.0662458	1024	1635	0.04905	1810
0.0663708	1024	1636	0.04908	1813
0.0663708	1024	1638	0.04914	1814
0.0663708	1024	1639	0.04917	1817
0.0664957	1024	1640	0.0492	1820
0.0664957	1024	1642	0.04926	1821
0.0664957	1024	1643	0.04929	1824
0.0671207	1024	1644	0.04932	1827
0.0671207	1024	1646	0.04938	1828
0.0671207	1024	1647	0.04941	1831
0.0672457	1024	1648	0.04944	1834
0.0672457	1024	1667	0.05001	1835
0.0672457	1024	1668	0.05004	1838
0.0673707	1024	1669	0.05007	1841
0.0673707	1024	1671	0.05013	1842
0.0673707	1024	1672	0.05016	1845
0.0674957	1024	1673	0.05019	1848
0.0674957	1024	1675	0.05025	1849
0.0674957	1024	1676	0.05028	1852
0.0681206	1024	1677	0.05031	1855
0.0681206	1024	1680	0.0504	1856
0.0681206	1024	1681	0.05043	1859
0.0682456	1024	1682	0.05046	1862
0.0682456	1024	1700	0.051	1863
0.0682456	1024	1701	0.05103	1866
0.0683706	1024	1702	0.05106	1869
0.0683706	1024	1705	0.05115	1870
0.0683706	1024	1706	0.05118	1873
0.0684956	1024	1707	0.05121	1876
0.0684956	1024	1709	0.05127	1877
0.0684956	1024	1710	0.0513	1880
0.0691206	1024	1711	0.05133	1883
0.0691206	1024	1713	0.05139	1884
0.0691206	1024	1714	0.05142	1887
0.0692456	1024	1715	0.05145	1890
0.0692456	1024	1734	0.05202	1891
0.0692456	1024	1735	0.05205	1894
0.0693706	1024	1736	0.05208	1897
0.0693706	1024	1738	0.05214	1898
0.0693706	1024	1739	0.05217	1901
0.0694956	1024	1740	0.0522	1904
0.0694956	1024	1742	0.05226	1905
0.0694956	1024	1743	0.05229	1908
0.0701205	1024	1744	0.05232	1911
0.0701205	1024	1746	0.05238	1913
0.0701205	1024	1747	0.05241	1916
0.0702455	1024	1748	0.05244	1919
0.0702455	1024	1767	0.05301	1920
0.0702455	1024	1768	0.05304	1923
0.0703705	1024	1769	0.05307	1926
0.0703705	1024	1771	0.05313	1927
0.0703705	1024	1772	0.05316	1930
0.0704955	1024	1773	0.05319	1933
0.0704955	1024	1775	0.05325	1934
0.0704955	1024	1776	0.05328	1937
0.0711204	1024	1777	0.05331	1940
0.0711204	1024	1780	0.0534	1941
0.0711204	1024	1781	0.05343	1944
0.0712454	1024	1782	0.05346	1947
0.0712454	1024	1800	0.054	1948
0.0712454	1024	1801	0.05403	1951
0.0713704	1024	1802	0.05406	1954
0.0713704	1024	1805	0.05415	1955
0.0713704	1024	1806	0.05418	1958
0.0714954	1024	1807	0.05421	1961
0.0714954	1024	1809	0.05427	1962
0.0714954	1024	1810	0.0543	1965
0.0721204	1024	1811	0.05433	1968
0.0721204	1024	1813	0.05439	1969
0.0721204	1024	1814	0.05442	1972
0.0722454	1024	1815	0.05445	1975
0.0722454	1024	1834	0.05502	1976
0.0722454	1024	1835	0.05505	1979
0.0723704	1024	1836	0.05508	1982
0.0723704	1024	1838	0.05514	1983
0.0723704	1024	1839	0.05517	1986
0.0724954	1024	1840	0.0552	1989
0.0724954	1024	1842	0.05526	1990
0.0724954	1024	1843	0.05529	1993
0.0731203	1024	1844	0.05532	1996
0.0731203	1024	1846	0.05538	1997
0.0731203	1024	1847	0.05541	2000
0.0732453	1024	1848	0.05544	2003
0.0732453	1024	1867	0.05601	2004
0.0732453	1024	1868	0.05604	2007
0.0733703	1024	1869	0.05607	2010
0.0733703	1024	1871	0.05613	2011
0.0733703	1024	1872	0.05616	2014
0.0734953	1024	1873	0.05619	2017
0.0734953	1024	1875	0.05625	2018
0.0734953	1024	1876	0.05628	2021
0.0741203	1024	1877	0.05631	2024
0.0741203	1024	1880	0.0564	2025
0.0741203	1024	1881	0.05643	2028
0.0742452	1024	1882	0.05646	2031
0.0742452	1024	1900	0.057	2032
0.0742452	1024	1901	0.05703	2035
0.0743702	1024	1902	0.05706	2038
0.0743702	1024	1905	0.05715	2039
0.0743702	1024	1906	0.05718	2042
0.0744952	1024	1907	0.05721	2045
0.0744952	1024	1909	0.05727	2046
0.0744952	1024	1910	0.0573	2049
0.0751202	1024	1911	0.05733	2052
0.0751202	1024	1913	0.05739	2053
0.0751202	1024	1914	0.05742	2056
0.0752452	1024	1915	0.05745	2059
0.0752452	1024	1934	0.05802	2060
0.0752452	1024	1935	0.05805	2063
0.0753702	1024	1936	0.05808	2066
0.0753702	1024	1938	0.05814	2067
0.0753702	1024	1939	0.05817	2070
0.0754952	1024	1940	0.0582	2073
0.0754952	1024	1942	0.05826	2074
0.0754952	1024	1943	0.05829	2077
0.0761201	1024	1944	0.05832	2080
0.0761201	1024	1946	0.05838	2081
0.0761201	1024	1947	0.05841	2084
0.0762451	1024	1948	0.05844	2087
0.0762451	1024	1967	0.05901	2088
0.0762451	1024	1968	0.05904	2091
0.0763701	1024	1969	0.05907	2094
0.0763701	1024	1971	0.05913	2095
0.0763701	1024	1972	0.05916	2098
0.0764951	1024	1973	0.05919	2101
0.0764951	1024	1975	0.05925	2102
0.0764951	1024	1976	0.05928	2105
0.0771201	1024	1977	0.05931	2108
0.0771201	1024	1980	0.0594	2109
0.0771201	1024	1981	0.05943	2112
0.0772451	1024	1982	0.05946	2115
0.0772451	1024	2000	0.06	2116
0.0772451	1024	2001	0.06003	2119
0.07737	1024	2002	0.06006	2122
0.07737	1024	2005	0.06015	2123
0.07737	1024	2006	0.06018	2126
0.077495	1024	2007	0.06021	2129
0.077495	1024	2009	0.06027	2130
0.077495	1024	2010	0.0603	2133
0.07812	1024	2011	0.06033	2136
0.07812	1024	2013	0.06039	2137
0.07812	1024	2014	0.06042	2140
0.078245	1024	2015	0.06045	2143
0.078245	1024	2034	0.06102	2144
0.078245	1024	2035	0.06105	2147
0.07837	1024	2036	0.06108	2150
0.07837	1024	2038	0.06114	2151
0.07837	1024	2039	0.06117	2154
0.078495	1024	2040	0.0612	2157
0.078495	1024	2042	0.06126	2158
0.078495	1024	2043	0.06129	2161
0.0791199	1024	2044	0.06132	2164
0.0791199	1024	2046	0.06138	2165
0.0791199	1024	2047	0.06141	2168
0.0792449	1024	2048	0.06144	2171
0.0792449	1024	2067	0.06201	2172
0.0792449	1024	2068	0.06204	2175
0.0793699	1024	2069	0.06207	2178
0.0793699	1024	2071	0.06213	2179
0.0793699	1024	2072	0.06216	2182
0.0794949	1024	2073	0.06219	2185
0.0794949	1024	2075	0.06225	2186
0.0794949	1024	2076	0.06228	2189
0.0801199	1024	2077	0.06231	2192
0.0801199	1024	2080	0.0624	2193
0.0801199	1024	2081	0.06243	2196
0.0802449	1024	2082	0.06246	2199
0.0802449	1024	2100	0.063	2200
0.0802449	1024	2101	0.06303	2203
0.0803699	1024	2102	0.06306	2206
0.0803699	1024	2105	0.06315	2207
0.0803699	1024	2106	0.06318	2210
0.0804948	1024	2107	0.06321	2213
0.0804948	1024	2109	0.06327	2214
0.0804948	1024	2110	0.0633	2217
0.0811198	1024	2111	0.06333	2220
0.0811198	1024	2113	0.06339	2221
0.0811198	1024	2114	0.06342	2224
0.0812448	1024	2115	0.06345	2227
0.0812448	1024	2134	0.06402	2228
0.0812448	1024	2135	0.06405	2231
0.0813698	1024	2136	0.06408	2234
0.0813698	1024	2138	0.06414	2235
0.0813698	1024	2139	0.06417	2238
0.0814948	1024	2140	0.0642	2241
0.0814948	1024	2142	0.06426	2242
0.0814948	1024	2143	0.06429	2245
0.0821197	1024	2144	0.06432	2248
0.0821197	1024	2146	0.06438	2249
0.0821197	1024	2147	0.06441	2252
0.0822447	1024	2148	0.06444	2255
0.0822447	1024	2167	0.06501	2256
0.0822447	1024	2168	0.06504	2259
0.0823697	1024	2169	0.06507	2262
0.0823697	1024	2171	0.06513	2263
0.0823697	1024	2172	0.06516	2266
0.0824947	1024	2173	0.06519	2269
0.0824947	1024	2175	0.06525	2270
0.0824947	1024	2176	0.06528	2273
0.0831197	1024	2177	0.06531	2276
0.0831197	1024	2180	0.0654	2277
0.0831197	1024	2181	0.06543	2280
0.0832447	1024	2182	0.06546	2283
0.0832447	1024	2200	0.066	2285
0.0832447	1024	2201	0.06603	2288
0.0833697	1024	2202	0.06606	2291
0.0833697	1024	2205	0.06615	2292
0.0833697	1024	2206	0.06618	2295
0.0834947	1024	2207	0.06621	2298
0.0834947	1024	2209	0.06627	2299
0.0834947	1024	2210	0.0663	2302
0.0841196	1024	2211	0.06633	2305
0.0841196	1024	2213	0.06639	2306
0.0841196	1024	2214	0.06642	2309
0.0842446	1024	2215	0.06645	2312
0.0842446	1024	2234	0.06702	2313
0.0842446	1024	2235	0.06705	2316
0.0843696	1024	2236	0.06708	2319
0.0843696	1024	2238	0.06714	2320
0.0843696	1024	2239	0.06717	2323
0.0844946	1024	2240	0.0672	2326
0.0844946	1024	2242	0.06726	2327
0.0844946	1024	2243	0.06729	2330
0.0851196	1024	2244	0.06732	2333
0.0851196	1024	2246	0.06738	2334
0.0851196	1024	2247	0.06741	2337
0.0852445	1024	2248	0.06744	2340
0.0852445	1024	2267	0.06801	2341
0.0852445	1024	2268	0.06804	2344
0.0853695	1024	2269	0.06807	2347
0.0853695	1024	2271	0.06813	2348
0.0853695	1024	2272	0.06816	2351
0.0854945	1024	2273	0.06819	2354
0.0854945	1024	2275	0.06825	2355
0.0854945	1024	2276	0.06828	2358
0.0861195	1024	2277	0.06831	2361
0.0861195	1024	2280	0.0684	2362
0.0861195	1024	2281	0.06843	2365
0.0862445	1024	2282	0.06846	2368
0.0862445	1024	2300	0.069	2369
0.0862445	1024	2301	0.06903	2372
0.0863695	1024	2302	0.06906	2375
0.0863695	1024	2305	0.06915	2376
0.0863695	1024	2306	0.06918	2379
0.0864945	1024	2307	0.06921	2382
0.0864945	1024	2309	0.06927	2383
0.0864945	1024	2310	0.0693	2386
0.0871194	1024	2311	0.06933	2389
0.0871194	1024	2313	0.06939	2390
0.0871194	1024	2314	0.06942	2393
0.0872444	1024	2315	0.06945	2396
0.0872444	1024	2334	0.07002	2397
0.0872444	1024	2335	0.07005	2400
0.0873694	1024	2336	0.07008	2403
0.0873694	1024	2338	0.07014	2404
0.0873694	1024	2339	0.07017	2407
0.0874944	1024	2340	0.0702	2410
0.0874944	1024	2342	0.07026	2411
0.0874944	1024	2343	0.07029	2414
0.0881194	1024	2344	0.07032	2417
0.0881194	1024	2346	0.07038	2418
0.0881194	1024	2347	0.07041	2421
0.0882444	1024	2348	0.07044	2424
0.0882444	1024	2367	0.07101	2425
0.0882444	1024	2368	0.07104	2428
0.0883693	1024	2369	0.07107	2431
0.0883693	1024	2371	0.07113	2432
0.0883693	1024	2372	0.07116	2435
0.0884943	1024	2373	0.07119	2438
0.0884943	1024	2375	0.07125	2439
0.0884943	1024	2376	0.07128	2442
0.0891193	1024	2377	0.07131	2445
0.0891193	1024	2380	0.0714	2446
0.0891193	1024	2381	0.07143	2449
0.0892443	1024	2382	0.07146	2452
0.0892443	1024	2400	0.072	2453
0.0892443	1024	2401	0.07203	2456
0.0893693	1024	2402	0.07206	2459
0.0893693	1024	2405	0.07215	2460
0.0893693	1024	2406	0.07218	2463
0.0894943	1024	2407	0.07221	2466
0.0894943	1024	2409	0.07227	2467
0.0894943	1024	2410	0.0723	2470
0.0901192	1024	2411	0.07233	2473
0.0901192	1024	2413	0.07239	2474
0.0901192	1024	2414	0.07242	2477
0.0902442	1024	2415	0.07245	2480
0.0902442	1024	2434	0.07302	2481
0.0902442	1024	2435	0.07305	2484
0.0903692	1024	2436	0.07308	2487
0.0903692	1024	2438	0.07314	2488
0.0903692	1024	2439	0.07317	2491
0.0904942	1024	2440	0.0732	2494
0.0904942	1024	2442	0.07326	2495
0.0904942	1024	2443	0.07329	2498
0.0911192	1024	2444	0.07332	2501
0.0911192	1024	2446	0.07338	2502
0.0911192	1024	2447	0.07341	2505
0.0912442	1024	2448	0.07344	2508
0.0912442	1024	2467	0.07401	2509
0.0912442	1024	2468	0.07404	2512
0.0913692	1024	2469	0.07407	2515
0.0913692	1024	2471	0.07413	2516
0.0913692	1024	2472	0.07416	2519
0.0914941	1024	2473	0.07419	2522
0.0914941	1024	2475	0.07425	2523
0.0914941	1024	2476	0.07428	2526
0.0921191	1024	2477	0.07431	2529
0.0921191	1024	2480	0.0744	2530
0.0921191	1024	2481	0.07443	2533
0.0922441	1024	2482	0.07446	2536
0.0922441	1024	2500	0.075	2537
0.0922441	1024	2501	0.07503	2540
0.0923691	1024	2502	0.07506	2543
0.0923691	1024	2505	0.07515	2544
0.0923691	1024	2506	0.07518	2547
0.0924941	1024	2507	0.07521	2550
0.0924941	1024	2509	0.07527	2551
0.0924941	1024	2510	0.0753	2554
0.093119	1024	2511	0.07533	2557
0.093119	1024	2513	0.07539	2558
0.093119	1024	2514	0.07542	2561
0.093244	1024	2515	0.07545	2564
0.093244	1024	2534	0.07602	2565
0.093244	1024	2535	0.07605	2568
0.093369	1024	2536	0.07608	2571
0.093369	1024	2538	0.07614	2572
0.093369	1024	2539	0.07617	2575
0.093494	1024	2540	0.0762	2578
0.093494	1024	2542	0.07626	2579
0.093494	1024	2543	0.07629	2582
0.094119	1024	2544	0.07632	2585
0.094119	1024	2546	0.07638	2586
0.094119	1024	2547	0.07641	2589
0.094244	1024	2548	0.07644	2592
0.094244	1024	2567	0.07701	2593
0.094244	1024	2568	0.07704	2596
0.094369	1024	2569	0.07707	2599
0.094369	1024	2571	0.07713	2600
0.094369	1024	2572	0.07716	2603
0.094494	1024	2573	0.07719	2606
0.094494	1024	2575	0.07725	2607
0.094494	1024	2576	0.07728	2610
0.0951189	1024	2577	0.07731	2613
0.0951189	1024	2580	0.0774	2614
0.0951189	1024	2581	0.07743	2617
0.0952439	1024	2582	0.07746	2620
0.0952439	1024	2600	0.078	2621
0.0952439	1024	2601	0.07803	2624
0.0953689	1024	2602	0.07806	2627
0.0953689	1024	2604	0.07812	2628
0.0953689	1024	2605	0.07815	2631
0.0954939	1024	2606	0.07818	2634
0.0954939	1024	2609	0.07827	2635
0.0954939	1024	2610	0.0783	2638
0.0961188	1024	2611	0.07833	2641
0.0961188	1024	2613	0.07839	2642
0.0961188	1024	2614	0.07842	2645
0.0962438	1024	2615	0.07845	2648
0.0962438	1024	2634	0.07902	2650
0.0962438	1024	2635	0.07905	2653
0.0963688	1024	2636	0.07908	2656
0.0963688	1024	2638	0.07914	2657
0.0963688	1024	2639	0.07917	2660
0.0964938	1024	2640	0.0792	2663
0.0964938	1024	2642	0.07926	2664
0.0964938	1024	2643	0.07929	2667
0.0971188	1024	2644	0.07932	2670
0.0971188	1024	2646	0.07938	2671
0.0971188	1024	2647	0.07941	2674
0.0972438	1024	2648	0.07944	2677
0.0972438	1024	2667	0.08001	2678
0.0972438	1024	2668	0.08004	2681
0.0973688	1024	2669	0.08007	2684
0.0973688	1024	2671	0.08013	2685
0.0973688	1024	2672	0.08016	2688
0.0974938	1024	2673	0.08019	2691
0.0974938	1024	2675	0.08025	2692
0.0974938	1024	2676	0.08028	2695
0.0981187	1024	2677	0.08031	2698
0.0981187	1024	2679	0.08037	2699
0.0981187	1024	2680	0.0804	2702
0.0982437	1024	2681	0.08043	2705
0.0982437	1024	2700	0.081	2706
0.0982437	1024	2701	0.08103	2709
0.0983687	1024	2702	0.08106	2712
0.0983687	1024	2704	0.08112	2713
0.0983687	1024	2705	0.08115	2716
0.0984937	1024	2706	0.08118	2719
0.0984937	1024	2709	0.08127	2720
0.0984937	1024	2710	0.0813	2723
0.0991187	1024	2711	0.08133	2726
0.0991187	1024	2713	0.08139	2727
0.0991187	1024	2714	0.08142	2730
0.0992436	1024	2715	0.08145	2733
0.0992436	1024	2734	0.08202	2734
0.0992436	1024	2735	0.08205	2737
0.0993686	1024	2736	0.08208	2740
0.0993686	1024	2738	0.08214	2741
0.0993686	1024	2739	0.08217	2744
0.0994936	1024	2740	0.0822	2747
0.0994936	1024	2742	0.08226	2748
0.0994936	1024	2743	0.08229	2751
0.100119	1024	2744	0.08232	2754
0.100119	1024	2746	0.08238	2755
0.100119	1024	2747	0.08241	2758
0.100244	1024	2748	0.08244	2761
0.100244	1024	2767	0.08301	2762
0.100244	1024	2768	0.08304	2765
0.100369	1024	2769	0.08307	2768
0.100369	1024	2771	0.08313	2769
0.100369	1024	2772	0.08316	2772
0.100494	1024	2773	0.08319	2775
0.100494	1024	2775	0.08325	2776
0.100494	1024	2776	0.08328	2779
